function y = powellhes(X)
y = [2+120*(X(1)-X(4))^2   20   0    -120*(X(1)-X(4))^2;
    20   200+12*(X(2)-2*X(3))^2   -24*(X(2)-2*X(3))^2   0;
    0    -24*(X(2)-2*X(3))^2      10+48*(X(2)-2*X(3))^2  -10;
    -120*(X(1)-X(4))^2    0    -10   10+120*(X(1)-X(4))^2];
end